10	4	0
10	8	0
10	6	0
10	9	0
10	12	0
10	13	0
10	15	0
10	16	0
10	19	0
10	19	0
10	21	10000
10	23	0
10	25	0
10	25	0
10	26	10000
10	29	0
10	31	0
10	32	10000
10	34	0
10	35	10000
15	8	0
15	12	0
15	16	0
15	16	0
15	27	0
15	31	0
15	30	0
15	27	0
15	40	0
15	51	30000
15	48	10000
15	51	20000
15	64	830000
15	62	20000
15	65	50000
15	70	80000
15	75	380000
15	82	1960000
15	87	300000
15	87	210000
20	11	0
20	17	0
20	29	0
20	36	0
20	42	0
20	54	50000
20	57	20000
20	75	110000
20	69	10000
20	90	230000
20	96	430000
20	102	3430000
20	112	104510000
20	123	36730000
20	117	5790000
20	140	30690000
20	140	5940000
20	147	4490000
20	162	8390000
20	166	388760000
25	12	0
25	26	0
25	41	0
25	49	0
25	68	20000
25	78	40000
25	86	30000
25	111	870000
25	113	360000
25	137	460000
25	143	122500000
25	154	1690000
25	180	229030000
25	178	242860000
25	207	809100000
10	4	0
10	8	0
10	6	0
10	9	0
10	12	0
10	13	0
10	15	0
10	16	0
10	19	0
10	19	0
10	21	10000
10	23	10000
10	25	0
10	25	0
10	26	0
10	29	10000
10	31	0
10	32	0
10	34	10000
10	35	0
11	5	0
11	8	0
11	9	0
11	12	0
11	12	0
11	14	0
11	16	0
11	19	0
11	23	0
11	23	0
11	26	0
11	27	10000
11	30	0
11	31	0
11	33	0
11	37	10000
11	40	30000
11	41	0
11	41	20000
11	44	30000
12	6	0
12	8	0
12	13	0
12	12	0
12	16	0
12	15	0
12	24	0
12	23	0
12	26	0
12	31	0
12	34	40000
12	35	0
12	30	0
12	40	120000
12	42	10000
12	41	10000
12	45	30000
12	47	750000
12	52	70000
12	54	40000
13	7	0
13	12	0
13	11	0
13	16	0
13	20	0
13	23	0
13	21	0
13	24	0
13	32	0
13	31	10000
13	35	0
13	35	0
13	44	20000
13	47	0
13	49	20000
13	51	20000
13	56	20000
13	59	30000
13	61	60000
13	63	1080000
14	7	0
14	12	0
14	13	0
14	21	0
14	23	0
14	31	20000
14	31	0
14	27	0
14	43	60000
14	36	0
14	37	10000
14	49	20000
14	50	170000
14	52	40000
14	61	180000
14	63	50000
14	60	160000
14	67	20000
14	74	70000
14	76	490000
15	8	0
15	11	0
15	16	0
15	18	0
15	23	0
15	32	0
15	36	0
15	39	0
15	38	10000
15	49	10000
15	51	20000
15	54	30000
15	54	10000
15	62	210000
15	66	430000
15	73	80000
15	77	8040000
15	79	290000
15	83	3550000
15	87	13120000
16	8	0
16	14	0
16	18	0
16	24	0
16	29	0
16	31	0
16	37	0
16	45	10000
16	50	50000
16	55	40000
16	60	90000
16	63	20000
16	62	20000
16	76	250000
16	75	420000
16	83	770000
16	80	4710000
16	92	1090000
16	96	300000
16	103	150000
17	8	0
17	13	0
17	20	0
17	28	0
17	32	0
17	40	0
17	33	0
17	47	10000
17	52	0
17	62	500000
17	57	20000
17	69	340000
17	81	60000
17	83	1150000
17	84	110000
17	93	3810000
17	95	16360000
17	103	18800000
17	110	52440000
17	116	3370000
18	10	0
18	13	0
18	18	0
18	27	0
18	37	10000
18	42	0
18	49	0
18	59	50000
18	61	90000
18	69	100000
18	68	70000
18	87	3280000
18	86	80000
18	90	4770000
18	95	590000
18	107	132550000
18	109	1330000
18	116	2820000
18	125	194510000
18	135	2100000
19	10	0
19	16	0
19	27	0
19	32	0
19	38	0
19	43	10000
19	58	70000
19	55	10000
19	67	50000
19	78	40000
19	78	50000
19	86	720000
19	100	990000
19	101	140000
19	115	3290000
19	119	18920000
19	130	7060000
19	128	12660000
19	142	124060000
19	148	154190000
20	12	0
20	21	0
20	30	0
20	36	0
20	35	10000
20	48	0
20	59	0
20	72	90000
20	76	80000
20	86	3180000
20	91	1140000
20	99	2880000
20	105	110000
20	112	7900000
20	127	4760000
20	125	5880000
20	138	159370000
20	148	122970000
20	159	32840000
20	162	421640000
21	11	0
21	20	0
21	35	0
21	37	0
21	42	0
21	60	60000
21	61	0
21	75	70000
21	86	270000
21	105	2270000
21	98	370000
21	116	10430000
21	120	99600000
21	126	14190000
21	129	6290000
21	150	9910000
21	152	184090000
21	165	8230000
21	170	2334920000
21	184	11785390000
22	12	0
22	24	0
22	29	0
22	44	10000
22	58	0
22	65	60000
22	70	40000
22	86	130000
22	93	870000
22	102	2350000
22	109	1540000
22	113	2770000
22	134	5840000
22	142	122170000
22	147	48460000
22	157	26260000
22	168	198530000
22	180	134370000
22	192	13726420000
23	12	0
23	22	0
23	32	0
23	40	0
23	58	40000
23	74	20000
23	80	20000
23	74	20000
23	101	780000
23	111	830000
23	118	2650000
23	137	9930000
23	145	18490000
23	151	23080000
23	165	98030000
23	176	361880000
23	187	158370000
23	206	402620000
23	216	533280000
24	13	0
24	25	0
24	33	0
24	45	0
24	63	20000
24	77	0
24	81	60000
24	88	10000
24	105	270000
24	124	2600000
24	138	30290000
24	144	11590000
24	159	22410000
24	171	92590000
24	183	469480000
24	194	88430000
25	14	0
25	26	0
25	36	0
25	53	0
25	70	30000
25	84	30000
25	77	30000
25	107	180000
25	123	6830000
25	135	4290000
25	146	95780000
25	169	516070000
25	165	23250000
25	181	461620000
